  0.28125669564911071     
   4.3387947720463504E-005
   2.9062313089661673E-005
   2.3877673682851097E-005
   1.8126484375408092E-005
   1.2234600431745846E-005
   1.1516858238469485E-005
   8.3184564317190235E-006
 done for a=  0.50000000000000000     
  0.12502098968397829     
   5.3206732620922348E-005
   3.5365194560516011E-005
   2.5294486752244771E-005
   2.3829071165035187E-005
   1.6496096419349460E-005
   1.3296708153462400E-005
   1.4293805328802200E-005
   9.5822276291041009E-006
 done for a=   1.0000000000000000     
  0.13132846767493189     
   5.7351323504095664E-005
   3.5773239812131319E-005
   3.0308843034787536E-005
   2.3011671138606360E-005
   1.9719865475165133E-005
   1.0895055982895752E-005
   1.6668670098141103E-005
   7.2958893375663081E-006
 done for a=   1.5000000000000000     
  0.13845306896761325     
   5.5552149049814536E-005
   4.0153189425989888E-005
   3.2061415617817834E-005
   2.1708621533389483E-005
   1.9455945900970217E-005
   1.5309721662248865E-005
   1.3347496690685468E-005
   1.0809906956288362E-005
   9.5907138399076164E-006
 done for a=   2.0000000000000000     
