   100.00170496007631     
   9.9629824334114783E-002
  0.27764466216619160     
  0.32474903353745455     
  0.17208668612077627     
  0.11905921776293327     
  0.38134663815876590     
  0.14998868534394158     
  0.11386681776427099     
   8.3205666025444103E-002
   3.5994368055609884E-002
   2.6262215317756799E-002
   4.3480295807751923E-002
   3.3740976242502385E-002
   2.0605129840498337E-002
   6.6297946505341487E-003
   7.9617205644842981E-003
   4.4716547117642502E-003
   2.1282701735115261E-003
   1.0947296193190015E-003
   1.4594196327967213E-003
   9.9501920557698575E-004
   5.4303054162224001E-004
   1.7153088284005413E-004
   1.1648453830725991E-004
   1.2686158324370922E-004
   7.6217853301550897E-005
   3.7843261571447739E-005
   1.8640593575661168E-005
   7.2898604806917524E-006
   99.999990518594743     
   1.8098635316392839E-005
   7.1641926605417169E-002
  0.34086650442342842     
  0.43711789963537540     
  0.49476042845557439     
  0.34691997897207733     
   7.3481264873018093E-002
  0.15288707691298539     
  0.19483288439322147     
  0.14484403679808655     
   4.8742950729328660E-002
  0.30737136524207520     
   8.4491381837195317E-002
   5.9931430678982572E-002
   7.9169394184890801E-002
   6.0977912801785439E-002
   1.3081565683695229E-002
   4.2592148300137689E-002
   5.8346057956980169E-002
   2.4522595153256055E-002
   7.2496202658152709E-003
   1.8461265519741477E-002
   1.5215767929371349E-002
   5.0351519947827716E-003
   4.7332012461186457E-003
   8.7261151203710252E-003
   6.5396480406583746E-003
   1.8974108845849769E-003
   1.6141875642369796E-003
   2.7668886070763843E-003
   99.999990297627221     
   6.2975316622963795E-006
   99.999991593538923     
   3.3001984554056654E-006
