               (35.976741839932970,0.0000000000000000)
              (-3.4962787326648845,1.4658778854551131)
              (-2.4007416678245135,2.1872864485454007)
              (-1.4147448622240466,2.2340154804697243)
             (-0.75452454582973227,1.9760863684675642)
             (-0.36700663468577110,1.6513655828474161)
             (-0.15496874317275702,1.3544939810574546)
        (-4.53538292220071956E-002,1.1097486553064391)
        (6.95624212696322082E-003,0.91545237384330314)
        (2.79480366472889818E-002,0.76279979054401426)
        (3.21965521378182115E-002,0.64255890722708231)
        (2.77961191956845217E-002,0.54699567733390342)
        (1.92208982909505173E-002,0.47012133890257213)
        (8.92866787807435579E-003,0.40744109924782640)
       (-1.74846621041109800E-003,0.35561687738432501)
       (-1.21086791896116690E-002,0.31217035789705483)
       (-2.18032174849980276E-002,0.27525203368967577)
       (-3.06801227573084284E-002,0.24347038360894946)
       (-3.86955411437915620E-002,0.21576817479079496)
       (-4.58631673046811655E-002,0.19133353110594220)
       (-5.22254087126539784E-002,0.16953597899380654)
       (-5.78370210987329131E-002,0.14988024738191863)
       (-6.27559459724930380E-002,0.13197265705103184)
       (-6.70383174979847368E-002,0.11549645638624748)
       (-7.07358773915501837E-002,0.10019354404835840)
  (-7.38947674109396019E-002,8.58507776695806996E-002)
  (-7.65550934843632624E-002,7.22895950421481581E-002)
  (-7.87509042174014129E-002,5.93580403520739541E-002)
  (-8.05103732312386494E-002,4.69245424463619887E-002)
  (-8.18560617479230368E-002,3.48729692966039118E-002)
  (-8.28051894830951485E-002,2.30986062610941123E-002)
  (-8.33698725420786713E-002,1.15047914267653317E-002)
        (-8.35573051250415588E-002,0.0000000000000000)
 (-8.33698725420786713E-002,-1.15047914267651930E-002)
 (-8.28051894830951485E-002,-2.30986062610941123E-002)
 (-8.18560617479230368E-002,-3.48729692966039118E-002)
 (-8.05103732312387188E-002,-4.69245424463618499E-002)
 (-7.87509042174013713E-002,-5.93580403520738153E-002)
 (-7.65550934843632902E-002,-7.22895950421480193E-002)
 (-7.38947674109395325E-002,-8.58507776695809077E-002)
      (-7.07358773915501837E-002,-0.10019354404835840)
      (-6.70383174979846952E-002,-0.11549645638624734)
      (-6.27559459724929547E-002,-0.13197265705103189)
      (-5.78370210987327743E-002,-0.14988024738191852)
      (-5.22254087126540478E-002,-0.16953597899380668)
      (-4.58631673046810892E-002,-0.19133353110594206)
      (-3.86955411437914648E-002,-0.21576817479079496)
      (-3.06801227573083070E-002,-0.24347038360894954)
      (-2.18032174849980276E-002,-0.27525203368967577)
      (-1.21086791896115459E-002,-0.31217035789705494)
      (-1.74846621041099826E-003,-0.35561687738432501)
       (8.92866787807443385E-003,-0.40744109924782668)
       (1.92208982909506526E-002,-0.47012133890257202)
       (2.77961191956846605E-002,-0.54699567733390342)
       (3.21965521378183780E-002,-0.64255890722708220)
       (2.79480366472889541E-002,-0.76279979054401437)
       (6.95624212696322082E-003,-0.91545237384330314)
       (-4.53538292220071887E-002,-1.1097486553064391)
            (-0.15496874317275700,-1.3544939810574546)
            (-0.36700663468577099,-1.6513655828474161)
            (-0.75452454582973205,-1.9760863684675645)
             (-1.4147448622240466,-2.2340154804697243)
             (-2.4007416678245135,-2.1872864485454007)
             (-3.4962787326648845,-1.4658778854551131)
